32771	1
7	1
8	1
17	1
32786	1
21	1
23	1
32794	1
32798	1
31	1
34	1
32809	1
43	1
32814	1
48	1
32817	1
32821	1
32827	1
63	1
64	1
66	1
78	1
32850	1
94	1
100	1
32877	1
32881	1
117	1
124	1
32896	1
130	1
32899	1
32901	1
134	1
137	1
32907	1
32909	1
145	1
151	1
152	1
162	1
32938	1
32942	1
180	1
184	1
185	1
187	1
32957	1
32960	1
208	1
32984	1
217	1
219	1
220	1
225	1
226	1
238	1
240	1
241	1
248	1
33029	1
33030	1
265	1
266	1
33035	1
271	1
33040	1
33041	1
274	1
277	1
278	1
286	1
33057	1
309	1
33080	1
316	1
319	1
33089	1
33092	1
329	1
33110	1
346	1
351	1
353	1
28381	1
357	1
10983	1
33132	1
369	1
373	1
33142	1
33144	1
33156	1
33163	1
33170	1
33175	1
408	1
33180	1
415	1
416	1
420	1
426	1
33200	1
33203	1
33205	1
454	1
456	1
463	1
474	1
33245	1
33248	1
33249	1
49233	1
33256	1
500	1
33269	1
33276	1
33280	1
513	1
33288	1
524	1
33294	1
550	1
555	1
33327	1
561	1
33331	1
569	1
33338	1
571	1
33347	1
584	1
33355	1
33362	1
33367	1
33374	1
33383	1
623	1
627	1
629	1
33400	1
33407	1
642	1
33414	1
659	1
664	1
666	1
33437	1
678	1
679	1
33450	1
33451	1
684	1
686	1
33456	1
689	1
690	1
33463	1
33471	1
712	1
33481	1
723	1
5582	1
33499	1
33503	1
742	1
755	1
762	1
763	1
773	1
33547	1
33549	1
788	1
33561	1
794	1
5595	1
33576	1
809	1
812	1
813	1
822	1
32905	1
827	1
829	1
33607	1
841	1
33621	1
856	1
33625	1
863	1
865	1
869	1
873	1
33657	1
891	1
33661	1
897	1
33668	1
11074	1
913	1
33683	1
5614	1
33686	1
33689	1
33691	1
924	1
33702	1
33703	1
33707	1
33716	1
33717	1
33723	1
33725	1
959	1
962	1
5623	1
979	1
33748	1
33756	1
989	1
33763	1
33764	1
1010	1
5630	1
33788	1
33789	1
33790	1
1023	1
1032	1
33806	1
1042	1
1049	1
1050	1
33828	1
1061	1
1063	1
33833	1
33835	1
1068	1
1072	1
33848	1
1081	1
43872	1
1091	1
1093	1
33862	1
33869	1
33871	1
33885	1
1118	1
1119	1
33890	1
33891	1
1127	1
1129	1
1141	1
33913	1
1149	1
33922	1
33932	1
33933	1
1166	1
33937	1
1174	1
1175	1
33946	1
33947	1
1189	1
33960	1
1198	1
1202	1
1208	1
33979	1
1212	1
1224	1
33993	1
33995	1
34000	1
1234	1
34004	1
34006	1
34010	1
32976	1
1256	1
1257	1
1264	1
34040	1
34042	1
1278	1
1282	1
34053	1
1288	1
1290	1
34063	1
43907	1
1302	1
1303	1
34072	1
1305	1
1309	1
1311	1
1316	1
34092	1
34093	1
1326	1
34101	1
1336	1
34113	1
34114	1
32993	1
32994	1
1358	1
5688	1
1363	1
1364	1
1365	1
5689	1
1368	1
34138	1
34140	1
1373	1
34142	1
34145	1
34153	1
1390	1
34159	1
34160	1
1393	1
1396	1
34166	1
34174	1
34178	1
34184	1
1418	1
34188	1
34194	1
1435	1
34210	1
34216	1
1452	1
1458	1
34228	1
34232	1
1481	1
1487	1
34256	1
1498	1
34271	1
34280	1
34292	1
34295	1
1529	1
1531	1
1535	1
34307	1
34323	1
1557	1
34327	1
49413	1
34337	1
34338	1
34340	1
1573	1
34342	1
1578	1
34352	1
1585	1
1587	1
34359	1
1595	1
33034	1
1604	1
1606	1
1613	1
34386	1
1629	1
1630	1
1641	1
34410	1
34413	1
34418	1
11198	1
1655	1
1658	1
1659	1
34447	1
34449	1
34451	1
1693	1
1696	1
1697	1
1699	1
1713	1
34487	1
1724	1
1739	1
1740	1
34511	1
34514	1
34520	1
34525	1
34531	1
1766	1
34535	1
34540	1
1778	1
1784	1
34556	1
1791	1
1792	1
1794	1
34565	1
34566	1
1803	1
1806	1
1812	1
1815	1
34586	1
1822	1
34600	1
34603	1
34607	1
34612	1
1848	1
1850	1
1853	1
34624	1
11233	1
1865	1
1871	1
34645	1
1883	1
1884	1
34656	1
1890	1
34660	1
34664	1
1899	1
34669	1
34670	1
34677	1
1911	1
1921	1
1926	1
1930	1
34704	1
34722	1
34724	1
49478	1
1958	1
34731	1
1965	1
34735	1
34739	1
1972	1
33097	1
11253	1
34757	1
2001	1
34771	1
34774	1
44025	1
2008	1
2010	1
34784	1
2018	1
2020	1
34791	1
34799	1
2034	1
2044	1
34814	1
2049	1
34820	1
34827	1
2060	1
2064	1
2066	1
34839	1
34843	1
34844	1
2079	1
34852	1
34853	1
2088	1
34861	1
2099	1
34876	1
2112	1
2115	1
34887	1
34889	1
5815	1
2125	1
2127	1
34897	1
34905	1
34909	1
34910	1
2153	1
34923	1
34925	1
2160	1
2162	1
2166	1
2174	1
2178	1
34951	1
2185	1
2186	1
2187	1
2255	1
2192	1
34961	1
34970	1
2208	1
2221	1
34992	1
2230	1
35000	1
2239	1
2241	1
2248	1
2253	1
35023	1
35024	1
376	1
2258	1
2263	1
2266	1
35037	1
2270	1
2274	1
35044	1
2284	1
2286	1
2290	1
2295	1
35064	1
35073	1
35074	1
35086	1
2325	1
2342	1
2345	1
2349	1
35120	1
35123	1
2356	1
39359	1
2358	1
2368	1
35139	1
2375	1
2380	1
2386	1
2389	1
35159	1
2406	1
2410	1
35180	1
402	1
35184	1
2417	1
2423	1
2424	1
35193	1
5866	1
35208	1
35212	1
2446	1
2452	1
35221	1
35223	1
2458	1
35227	1
35229	1
2464	1
35238	1
35244	1
2479	1
35248	1
35252	1
35254	1
35257	1
35261	1
2495	1
49568	1
2501	1
35270	1
35273	1
2518	1
2520	1
35289	1
35295	1
2528	1
35298	1
2532	1
35302	1
35308	1
2545	1
2552	1
2556	1
35325	1
2563	1
35332	1
35335	1
2569	1
2573	1
35342	1
2581	1
2593	1
35364	1
35367	1
2618	1
35389	1
35390	1
35392	1
35398	1
35401	1
2639	1
35411	1
2644	1
35421	1
2655	1
2656	1
2657	1
35433	1
2667	1
35436	1
2672	1
2676	1
35445	1
2681	1
2682	1
2684	1
35453	1
35458	1
35462	1
35465	1
2701	1
2705	1
2728	1
2729	1
35499	1
35509	1
35517	1
35519	1
35522	1
2757	1
5921	1
2764	1
35538	1
2771	1
2773	1
2782	1
2784	1
35556	1
35009	1
35567	1
35571	1
2805	1
2811	1
35581	1
35584	1
35587	1
2821	1
35593	1
2832	1
2842	1
2844	1
35613	1
2847	1
2849	1
35618	1
35621	1
2857	1
2859	1
2863	1
35632	1
35635	1
2871	1
5940	1
2874	1
2876	1
2880	1
35651	1
35653	1
2889	1
35661	1
35662	1
2905	1
35676	1
35677	1
2912	1
35681	1
35683	1
35684	1
35690	1
35692	1
2927	1
35696	1
35699	1
2932	1
35701	1
35704	1
2939	1
35708	1
2945	1
2948	1
2953	1
35728	1
35729	1
2967	1
2970	1
35745	1
2982	1
2984	1
2987	1
2994	1
2995	1
35764	1
3009	1
35782	1
35788	1
35793	1
35795	1
35801	1
3042	1
35811	1
35812	1
3054	1
35827	1
35831	1
3065	1
3066	1
3067	1
3072	1
35842	1
3087	1
35856	1
3089	1
35858	1
3110	1
3111	1
3113	1
35882	1
35883	1
35890	1
3128	1
35897	1
3132	1
3139	1
35914	1
35917	1
35918	1
35921	1
3160	1
35934	1
35935	1
3170	1
35942	1
3175	1
3176	1
3179	1
35949	1
3192	1
3198	1
35969	1
3205	1
3215	1
35989	1
3223	1
36002	1
3238	1
3240	1
36009	1
3242	1
3245	1
3254	1
36026	1
36036	1
36039	1
36041	1
36044	1
3288	1
3301	1
36070	1
3303	1
36073	1
36077	1
3312	1
36089	1
3322	1
36093	1
3335	1
36105	1
3339	1
36108	1
36110	1
3344	1
36115	1
36117	1
36119	1
3358	1
3360	1
3366	1
3367	1
36138	1
36142	1
3383	1
3385	1
36155	1
36158	1
3397	1
3398	1
36174	1
3412	1
3419	1
3420	1
36191	1
3432	1
3444	1
3454	1
36225	1
3459	1
3461	1
3462	1
3464	1
11501	1
36242	1
36248	1
3483	1
36255	1
3489	1
36259	1
3492	1
3493	1
3494	1
3496	1
36265	1
36269	1
36274	1
36284	1
36286	1
36289	1
36295	1
3531	1
3536	1
3540	1
43763	1
3545	1
3548	1
3551	1
3556	1
3558	1
3559	1
36333	1
3567	1
36336	1
3569	1
3570	1
3571	1
36340	1
3576	1
3582	1
36355	1
36358	1
3591	1
36360	1
3593	1
36364	1
36370	1
36374	1
3607	1
3608	1
36383	1
36385	1
3621	1
36391	1
3624	1
3632	1
36401	1
3636	1
36414	1
36415	1
3651	1
3656	1
3657	1
36431	1
3665	1
36434	1
36442	1
36443	1
3684	1
36456	1
3689	1
3690	1
3692	1
36462	1
36469	1
36479	1
3714	1
3715	1
3719	1
36488	1
3723	1
3727	1
36498	1
36501	1
3734	1
36510	1
36518	1
36525	1
36527	1
36529	1
3763	1
3768	1
3769	1
3773	1
36545	1
3779	1
3783	1
3789	1
3791	1
36563	1
3800	1
36570	1
3804	1
3809	1
3811	1
3827	1
36597	1
36598	1
36616	1
36617	1
36618	1
36623	1
36626	1
3864	1
3865	1
36645	1
3882	1
3885	1
36656	1
36659	1
36661	1
3904	1
36683	1
3916	1
3919	1
3920	1
36690	1
12133	1
3929	1
3936	1
3941	1
36710	1
36711	1
3957	1
36727	1
3965	1
36740	1
3976	1
36748	1
36752	1
3990	1
3991	1
3993	1
36762	1
36765	1
36772	1
36774	1
4012	1
36786	1
36788	1
36792	1
4025	1
36795	1
36796	1
36799	1
4033	1
36803	1
4036	1
36806	1
36831	1
4065	1
4066	1
4069	1
4070	1
4073	1
49831	1
36846	1
36848	1
4081	1
36850	1
36858	1
4092	1
683	1
36868	1
4104	1
4108	1
4109	1
4111	1
36880	1
4116	1
36885	1
36889	1
4129	1
36904	1
4142	1
36912	1
4148	1
4155	1
4160	1
36938	1
4177	1
4181	1
36950	1
49849	1
4192	1
4198	1
36967	1
4201	1
4208	1
36982	1
36988	1
36990	1
36994	1
4236	1
37007	1
37008	1
37010	1
4250	1
37020	1
37027	1
37028	1
4269	1
37057	1
37058	1
37061	1
4295	1
4303	1
4306	1
4312	1
37081	1
37083	1
37090	1
4331	1
37100	1
37102	1
4339	1
37111	1
37132	1
37134	1
37135	1
4371	1
4372	1
4380	1
37149	1
37157	1
37160	1
4393	1
37166	1
4403	1
37177	1
37184	1
4417	1
37187	1
4423	1
4424	1
37203	1
37206	1
37207	1
37212	1
37216	1
4449	1
4450	1
37223	1
4457	1
37227	1
6205	1
37232	1
4465	1
37236	1
37250	1
49899	1
4489	1
4490	1
37264	1
37265	1
4503	1
4506	1
37276	1
4518	1
37293	1
37296	1
37298	1
37300	1
37304	1
37308	1
4548	1
37317	1
4550	1
4554	1
37331	1
37334	1
49913	1
37341	1
4576	1
37347	1
37350	1
4584	1
37357	1
37362	1
4614	1
4621	1
37390	1
4625	1
37397	1
4638	1
37418	1
4652	1
37434	1
37437	1
37439	1
37442	1
37444	1
4687	1
37460	1
4698	1
37468	1
37471	1
4705	1
4706	1
4707	1
4708	1
4709	1
37484	1
4721	1
4724	1
4730	1
37502	1
37509	1
4742	1
37514	1
4749	1
4753	1
37523	1
4756	1
4765	1
4766	1
4767	1
37537	1
4771	1
4777	1
4781	1
4782	1
4783	1
37553	1
37557	1
4791	1
4802	1
4818	1
37587	1
37597	1
37599	1
37600	1
4833	1
37605	1
4841	1
37612	1
4850	1
37626	1
37627	1
37629	1
4864	1
37635	1
37638	1
4872	1
37648	1
37649	1
37660	1
37675	1
4908	1
37677	1
4911	1
4919	1
37689	1
37691	1
4931	1
4940	1
37718	1
4959	1
37729	1
37732	1
11750	1
4967	1
4969	1
4976	1
37745	1
4980	1
37751	1
37760	1
4995	1
4996	1
4997	1
37766	1
37769	1
37770	1
37774	1
37782	1
37786	1
37791	1
5026	1
37805	1
5043	1
37815	1
37819	1
5053	1
37823	1
37829	1
37830	1
5065	1
37841	1
5075	1
37849	1
5088	1
5090	1
37860	1
5097	1
37866	1
5099	1
5100	1
5102	1
37871	1
37875	1
5113	1
37882	1
5121	1
5123	1
5124	1
37894	1
37895	1
37903	1
5144	1
37914	1
5147	1
5149	1
5156	1
5159	1
5160	1
5173	1
5176	1
5177	1
44555	1
5188	1
37965	1
5201	1
37979	1
37982	1
5220	1
5223	1
38005	1
38006	1
38012	1
38013	1
5254	1
38033	1
5268	1
38037	1
5270	1
5271	1
38042	1
38050	1
38052	1
38056	1
5297	1
5298	1
5300	1
38076	1
38079	1
38085	1
38090	1
38102	1
38104	1
5343	1
6352	1
38118	1
38119	1
38120	1
38129	1
38130	1
5365	1
5366	1
5373	1
6357	1
38150	1
38151	1
5390	1
38167	1
38170	1
5404	1
5405	1
38174	1
38176	1
38177	1
38182	1
5415	1
38193	1
5427	1
38196	1
5430	1
38210	1
5446	1
38215	1
38225	1
5462	1
5466	1
38235	1
38237	1
38238	1
5473	1
38246	1
38247	1
5482	1
5487	1
38260	1
38261	1
5496	1
917	1
5504	1
5516	1
5539	1
5544	1
5555	1
44617	1
38333	1
38342	1
5575	1
5576	1
38346	1
38350	1
38351	1
38357	1
38361	1
38363	1
38370	1
5604	1
38379	1
38382	1
38391	1
5627	1
38398	1
5631	1
38414	1
5653	1
38425	1
38427	1
38439	1
38441	1
5675	1
5676	1
38448	1
38452	1
38456	1
38457	1
5691	1
5693	1
5702	1
38479	1
38480	1
38482	1
28259	1
5720	1
5725	1
5728	1
38500	1
38501	1
5735	1
38509	1
38519	1
38530	1
5768	1
38538	1
5775	1
38545	1
38549	1
5783	1
5785	1
5789	1
5794	1
38571	1
5811	1
38583	1
38589	1
5823	1
38597	1
38599	1
38601	1
5842	1
5844	1
5851	1
38620	1
5863	1
5865	1
38634	1
38637	1
5870	1
38639	1
38644	1
5879	1
38651	1
5890	1
38664	1
38665	1
5898	1
38669	1
5906	1
5912	1
38686	1
38689	1
38708	1
5948	1
5949	1
38718	1
5952	1
5953	1
38723	1
5961	1
5962	1
38731	1
38732	1
5973	1
38742	1
38743	1
5976	1
38745	1
5979	1
38748	1
5981	1
5984	1
38754	1
38757	1
5994	1
5999	1
38769	1
38773	1
38776	1
6009	1
6011	1
38790	1
38803	1
38804	1
38805	1
6038	1
6044	1
38816	1
6049	1
38818	1
6470	1
38829	1
38836	1
6069	1
38840	1
6073	1
38844	1
6079	1
6085	1
6086	1
6098	1
38877	1
38880	1
6114	1
6119	1
38890	1
38892	1
38895	1
38896	1
44713	1
6139	1
6142	1
38911	1
38917	1
38919	1
38922	1
38923	1
38926	1
38927	1
6162	1
6166	1
38935	1
6174	1
38947	1
38948	1
6186	1
38956	1
38961	1
6197	1
38971	1
38973	1
6206	1
6210	1
38982	1
6216	1
38992	1
44729	1
39001	1
39006	1
6240	1
6249	1
39023	1
6265	1
39035	1
6269	1
39039	1
39051	1
6285	1
6289	1
39059	1
6292	1
39065	1
6511	1
39072	1
39074	1
39084	1
6319	1
6326	1
6327	1
39105	1
39113	1
6346	1
6347	1
39118	1
39119	1
39120	1
39123	1
39124	1
39125	1
6361	1
39135	1
6368	1
39143	1
6378	1
39147	1
39149	1
39158	1
6392	1
6396	1
39167	1
6403	1
39185	1
39203	1
6437	1
6440	1
39212	1
39215	1
39219	1
6453	1
6458	1
39238	1
6471	1
39243	1
6476	1
6479	1
39248	1
6489	1
39262	1
6496	1
39271	1
39273	1
39279	1
6512	1
6516	1
6521	1
6522	1
39298	1
6531	1
39303	1
44781	1
6545	1
6547	1
6550	1
39324	1
39326	1
39330	1
39334	1
39335	1
6556	1
39338	1
6573	1
6574	1
39343	1
6578	1
6581	1
39352	1
39355	1
44789	1
6592	1
6594	1
39367	1
6601	1
39370	1
39381	1
39383	1
6618	1
6620	1
6627	1
6566	1
39415	1
6655	1
6657	1
6658	1
39429	1
6665	1
6667	1
6669	1
6591	1
39443	1
39446	1
6682	1
6688	1
39459	1
6714	1
39483	1
39485	1
6719	1
6726	1
6730	1
6732	1
39501	1
39507	1
6741	1
39510	1
6746	1
6749	1
6751	1
6587	1
6757	1
6759	1
6762	1
6765	1
6766	1
39547	1
6781	1
6784	1
39554	1
6789	1
39558	1
39559	1
39563	1
39566	1
6802	1
39579	1
6814	1
6819	1
39591	1
6824	1
6825	1
6826	1
39607	1
6845	1
39621	1
6868	1
39638	1
6875	1
39650	1
6885	1
6889	1
6893	1
39669	1
6908	1
39678	1
6613	1
39686	1
6920	1
6615	1
39699	1
6934	1
39707	1
6942	1
6950	1
39720	1
39722	1
6958	1
39728	1
6967	1
39740	1
6973	1
39742	1
39744	1
39748	1
39750	1
6984	1
39754	1
33934	1
6999	1
7001	1
39774	1
7008	1
39782	1
39790	1
7023	1
7024	1
7036	1
8389	1
39810	1
33942	1
7059	1
39829	1
39831	1
39847	1
7081	1
39851	1
7094	1
7095	1
39872	1
7107	1
39878	1
39882	1
39883	1
39884	1
39886	1
7121	1
7125	1
39897	1
7144	1
39917	1
7155	1
7156	1
39927	1
39928	1
39936	1
39938	1
7171	1
39944	1
7183	1
44888	1
39955	1
39959	1
39960	1
7194	1
39963	1
7200	1
7205	1
39979	1
7213	1
39984	1
39985	1
39987	1
39989	1
39990	1
7225	1
7226	1
39995	1
40005	1
7238	1
40008	1
40013	1
40014	1
7257	1
40027	1
40031	1
40032	1
7268	1
40038	1
40041	1
40043	1
40047	1
7281	1
40050	1
40051	1
40053	1
7286	1
7292	1
7294	1
7299	1
7303	1
40074	1
40076	1
6790	1
40082	1
40086	1
7320	1
7321	1
44911	1
7329	1
7331	1
40101	1
40102	1
7338	1
6791	1
33992	1
7347	1
40116	1
7349	1
7353	1
40126	1
7362	1
7372	1
7376	1
40145	1
7378	1
40152	1
40155	1
7388	1
40158	1
40164	1
40166	1
7402	1
7405	1
7411	1
40184	1
40191	1
7430	1
40210	1
7446	1
7448	1
7461	1
7464	1
7466	1
7467	1
7478	1
7481	1
40250	1
7489	1
40262	1
7496	1
7498	1
7504	1
40275	1
40281	1
7518	1
40290	1
40293	1
40299	1
7532	1
40304	1
34024	1
7538	1
40324	1
7565	1
40344	1
40346	1
7580	1
7588	1
7590	1
40361	1
40363	1
40364	1
40367	1
7600	1
40377	1
7615	1
7618	1
40388	1
7624	1
40393	1
40394	1
7627	1
40397	1
7634	1
40408	1
7651	1
40421	1
7655	1
7659	1
7681	1
40462	1
7702	1
40472	1
7706	1
7707	1
40477	1
40490	1
7723	1
40494	1
7730	1
12211	1
7732	1
7733	1
7739	1
40509	1
40512	1
40515	1
40516	1
40517	1
40520	1
7760	1
40531	1
7764	1
40533	1
7769	1
40538	1
7773	1
7784	1
44989	1
40562	1
40564	1
40577	1
34070	1
40585	1
40589	1
7824	1
7834	1
7839	1
7844	1
7845	1
7853	1
40629	1
40630	1
262	1
40643	1
40645	1
7879	1
40654	1
40660	1
40664	1
40669	1
7903	1
7905	1
40675	1
40678	1
40679	1
12242	1
40689	1
40690	1
7929	1
15540	1
40708	1
40712	1
45015	1
7951	1
40721	1
7954	1
7957	1
7962	1
40741	1
40747	1
7981	1
40759	1
40760	1
40769	1
40772	1
40783	1
8016	1
8017	1
40794	1
40797	1
8031	1
40806	1
40807	1
8047	1
8051	1
40820	1
40825	1
8068	1
8069	1
8072	1
40845	1
40846	1
8082	1
8084	1
40856	1
8092	1
40863	1
40865	1
40874	1
8108	1
8109	1
8110	1
8121	1
40894	1
8133	1
40903	1
8141	1
8143	1
8144	1
8146	1
40917	1
40939	1
40940	1
8173	1
8174	1
40946	1
40952	1
34132	1
40955	1
40960	1
8194	1
40966	1
8211	1
8216	1
40986	1
8219	1
40990	1
8223	1
8224	1
40993	1
40995	1
8230	1
41018	1
41019	1
41042	1
8286	1
41055	1
41057	1
41060	1
41061	1
8299	1
6823	1
41077	1
41078	1
8316	1
41088	1
8324	1
8325	1
8330	1
8339	1
8340	1
8358	1
8359	1
8364	1
8366	1
41136	1
41137	1
8376	1
8377	1
41146	1
41149	1
1398	1
8390	1
8396	1
41166	1
41167	1
8412	1
8413	1
41182	1
8415	1
41189	1
8429	1
8433	1
41202	1
8439	1
41213	1
41215	1
41216	1
41218	1
8453	1
41223	1
41236	1
8476	1
8479	1
41251	1
8487	1
8488	1
8492	1
41263	1
41269	1
8505	1
41279	1
8512	1
41283	1
41286	1
8522	1
8524	1
41293	1
8529	1
41303	1
41304	1
8540	1
41311	1
8544	1
41313	1
41314	1
41317	1
41318	1
8560	1
8569	1
41345	1
8579	1
41359	1
8608	1
41379	1
41386	1
41388	1
8621	1
41392	1
8628	1
41406	1
8641	1
8644	1
41417	1
41423	1
8656	1
41425	1
8659	1
8661	1
8665	1
41439	1
8678	1
41451	1
41452	1
41455	1
1448	1
8695	1
41466	1
41469	1
8708	1
34220	1
41487	1
8720	1
41490	1
8723	1
8725	1
41497	1
8731	1
8732	1
41505	1
41508	1
6918	1
41515	1
41519	1
41522	1
8758	1
41527	1
8766	1
8767	1
41552	1
41559	1
8795	1
8796	1
41567	1
8805	1
41575	1
8808	1
8815	1
6931	1
41588	1
41592	1
41602	1
8837	1
12396	1
41610	1
41617	1
8853	1
8854	1
41623	1
8865	1
8879	1
41651	1
41658	1
8893	1
8894	1
8896	1
41666	1
8902	1
8917	1
8922	1
8926	1
41707	1
8941	1
8942	1
41712	1
6952	1
41720	1
8954	1
8961	1
8972	1
8974	1
8975	1
41746	1
41748	1
41749	1
8984	1
41755	1
34266	1
8992	1
41761	1
8994	1
41764	1
41765	1
41767	1
41770	1
9003	1
45192	1
41778	1
9011	1
9019	1
41793	1
9028	1
41799	1
41801	1
9037	1
41809	1
41810	1
41816	1
9054	1
41828	1
9061	1
41838	1
41848	1
41859	1
9092	1
9100	1
41869	1
9104	1
9110	1
9112	1
9114	1
41886	1
41887	1
9128	1
41899	1
41900	1
9134	1
41903	1
9138	1
9141	1
9144	1
41915	1
9149	1
9152	1
9163	1
9167	1
41940	1
34297	1
41947	1
41950	1
9185	1
9186	1
9189	1
9193	1
9196	1
41967	1
9202	1
41975	1
41980	1
41983	1
41990	1
41994	1
41995	1
41998	1
9237	1
42007	1
9248	1
42018	1
9255	1
42028	1
42030	1
42038	1
9273	1
42043	1
9276	1
42045	1
9281	1
9284	1
9288	1
42059	1
42060	1
42065	1
42068	1
9301	1
42070	1
9310	1
42079	1
9315	1
9316	1
9317	1
9318	1
42089	1
9323	1
9325	1
9338	1
42108	1
9342	1
9359	1
42128	1
9361	1
9366	1
9372	1
42144	1
42150	1
42152	1
9386	1
42157	1
42160	1
9396	1
9400	1
42172	1
42180	1
9419	1
42189	1
42192	1
9427	1
9430	1
42201	1
5770	1
42219	1
9456	1
9464	1
42234	1
9471	1
42240	1
9474	1
9475	1
9491	1
9496	1
9497	1
45274	1
42271	1
9506	1
9507	1
9510	1
42283	1
9517	1
9518	1
9520	1
9522	1
42296	1
9529	1
9530	1
9531	1
42306	1
42308	1
9545	1
9570	1
9571	1
42345	1
42347	1
9580	1
9584	1
42359	1
42367	1
42386	1
42394	1
9632	1
42403	1
9637	1
42406	1
9639	1
42413	1
9647	1
9649	1
9656	1
9659	1
42433	1
9666	1
42435	1
42436	1
9669	1
9670	1
9673	1
9674	1
42445	1
42448	1
12538	1
42464	1
9697	1
9699	1
9703	1
42473	1
7079	1
9708	1
42484	1
42487	1
9721	1
42500	1
9734	1
9740	1
42509	1
42510	1
9745	1
42514	1
42521	1
42523	1
42529	1
42531	1
42540	1
42549	1
42552	1
9785	1
9786	1
42556	1
42557	1
42568	1
45324	1
42571	1
9807	1
42579	1
42585	1
9820	1
9824	1
42593	1
42612	1
42620	1
42622	1
42628	1
9861	1
42642	1
42645	1
9879	1
9885	1
9886	1
42657	1
7110	1
42662	1
9901	1
9902	1
9904	1
42675	1
9913	1
9915	1
9916	1
9917	1
42692	1
9925	1
42697	1
42699	1
42700	1
42707	1
9942	1
42714	1
42718	1
42722	1
42731	1
42734	1
9978	1
9982	1
42754	1
9989	1
42764	1
10007	1
42801	1
10037	1
10039	1
10040	1
10042	1
10049	1
42826	1
42835	1
42839	1
42841	1
10076	1
10077	1
42857	1
42861	1
10096	1
10100	1
10103	1
10109	1
10118	1
10121	1
42891	1
42892	1
42896	1
42898	1
10140	1
42909	1
10142	1
42912	1
10145	1
42922	1
42927	1
42929	1
10171	1
10177	1
42946	1
42947	1
42948	1
7159	1
10192	1
7160	1
10195	1
42966	1
10202	1
10205	1
42974	1
10210	1
10216	1
42985	1
42987	1
42990	1
10226	1
10227	1
42997	1
43001	1
10234	1
10235	1
10238	1
43008	1
7168	1
10245	1
10248	1
43022	1
10260	1
43030	1
10265	1
43036	1
10271	1
10273	1
43049	1
43052	1
10286	1
10287	1
10288	1
10289	1
43059	1
43061	1
43066	1
10300	1
10304	1
43074	1
43076	1
43084	1
43085	1
10318	1
43091	1
43096	1
43098	1
10338	1
43108	1
43110	1
39953	1
43112	1
34492	1
10347	1
10350	1
10351	1
10357	1
43126	1
43130	1
43134	1
10369	1
43142	1
43145	1
43148	1
43150	1
43156	1
43177	1
43180	1
10415	1
43184	1
10422	1
10423	1
10427	1
23586	1
10451	1
43220	1
43230	1
10463	1
43235	1
10475	1
43245	1
10479	1
10480	1
10481	1
10483	1
43252	1
43253	1
10495	1
43265	1
10502	1
43273	1
43276	1
45442	1
43281	1
10516	1
43285	1
10520	1
10523	1
10533	1
43305	1
10538	1
43324	1
10561	1
10564	1
10570	1
10574	1
10576	1
10577	1
10580	1
43352	1
43357	1
43360	1
10593	1
34534	1
43374	1
10607	1
43380	1
10613	1
43383	1
43384	1
10618	1
10620	1
10621	1
10624	1
10625	1
10627	1
43396	1
10637	1
10640	1
43411	1
10646	1
43415	1
10649	1
43418	1
10655	1
10656	1
43430	1
43433	1
10667	1
43439	1
10673	1
43445	1
43451	1
43454	1
12704	1
10693	1
43468	1
10701	1
43490	1
10727	1
10728	1
43498	1
43499	1
10732	1
43501	1
43504	1
43507	1
10741	1
10742	1
10744	1
10745	1
10749	1
43518	1
10751	1
43521	1
43523	1
10759	1
43529	1
43538	1
10784	1
10786	1
45489	1
43560	1
10800	1
10801	1
43572	1
10805	1
10813	1
43582	1
10815	1
43593	1
43599	1
43600	1
10835	1
10837	1
43609	1
10842	1
43611	1
10849	1
10858	1
43629	1
10871	1
43643	1
10878	1
10884	1
43655	1
34583	1
43664	1
43665	1
43669	1
43670	1
10918	1
10925	1
43697	1
10931	1
43701	1
43702	1
43704	1
43712	1
10945	1
10946	1
12747	1
10949	1
10952	1
43721	1
43725	1
10962	1
43732	1
10965	1
43734	1
10974	1
43743	1
43744	1
43745	1
43751	1
10986	1
10987	1
10992	1
43762	1
10995	1
43772	1
11005	1
43784	1
43792	1
11026	1
11029	1
43807	1
11043	1
45532	1
11050	1
11051	1
11063	1
43837	1
43842	1
43846	1
11094	1
43864	1
11104	1
43874	1
11110	1
11111	1
43880	1
43893	1
43899	1
11137	1
11139	1
11140	1
11142	1
11143	1
11147	1
43916	1
43921	1
11165	1
11170	1
11180	1
11181	1
11186	1
43958	1
43961	1
43965	1
43966	1
43968	1
43979	1
43980	1
43983	1
11218	1
11219	1
11221	1
11224	1
11227	1
11231	1
44001	1
11241	1
11250	1
44021	1
11254	1
44023	1
11257	1
11259	1
11260	1
11266	1
44035	1
44036	1
44041	1
11276	1
44045	1
44048	1
11284	1
44069	1
11302	1
44089	1
44090	1
11324	1
11336	1
11341	1
44111	1
44116	1
44121	1
44124	1
11361	1
11362	1
11363	1
44143	1
44175	1
11408	1
44179	1
11412	1
35296	1
11414	1
11417	1
11421	1
44192	1
11428	1
11437	1
11440	1
11451	1
44224	1
44234	1
11471	1
44240	1
11477	1
11479	1
44252	1
44257	1
44258	1
44264	1
44269	1
44270	1
44273	1
11508	1
44279	1
11526	1
44297	1
11533	1
11536	1
11537	1
11542	1
11543	1
44313	1
11546	1
44315	1
44317	1
11550	1
11553	1
11556	1
44329	1
44340	1
11574	1
44343	1
44357	1
11591	1
11595	1
44374	1
44381	1
11614	1
44401	1
11638	1
44412	1
44413	1
44417	1
44418	1
44420	1
11655	1
11661	1
44430	1
44431	1
44432	1
44434	1
44440	1
44441	1
11676	1
11679	1
11686	1
11688	1
11689	1
44460	1
44461	1
44469	1
44472	1
11706	1
11707	1
11716	1
44491	1
11725	1
44497	1
44499	1
11732	1
44502	1
34726	1
44518	1
11758	1
44527	1
44529	1
44530	1
44540	1
44544	1
44545	1
11787	1
11792	1
44565	1
11800	1
44570	1
44571	1
44573	1
44575	1
44576	1
11819	1
11823	1
11828	1
44612	1
44615	1
11849	1
11854	1
11855	1
44629	1
44632	1
11871	1
44641	1
11878	1
11880	1
44653	1
11893	1
11895	1
44665	1
11898	1
44673	1
11909	1
11911	1
11914	1
44686	1
44690	1
44693	1
11927	1
44696	1
44697	1
44699	1
11945	1
11948	1
44720	1
44723	1
11956	1
11961	1
11962	1
11980	1
11981	1
44753	1
44764	1
11997	1
11998	1
12003	1
44773	1
44779	1
12013	1
12015	1
44784	1
44786	1
12021	1
12022	1
12025	1
12027	1
12038	1
44808	1
12041	1
44812	1
12047	1
44819	1
12068	1
12070	1
44842	1
44846	1
12082	1
12091	1
44868	1
12102	1
12103	1
44880	1
12115	1
44885	1
44887	1
12120	1
12129	1
44898	1
44901	1
45713	1
44906	1
12141	1
44910	1
12143	1
12149	1
44918	1
44919	1
12159	1
44930	1
12163	1
45718	1
44936	1
12171	1
12172	1
12174	1
12178	1
12181	1
44960	1
44962	1
12197	1
12204	1
44979	1
12213	1
12218	1
12221	1
12228	1
44998	1
45000	1
45002	1
12235	1
12240	1
45010	1
12247	1
12248	1
12252	1
12253	1
45026	1
12266	1
45037	1
45041	1
12276	1
45046	1
12282	1
12285	1
12287	1
12293	1
12298	1
45067	1
12304	1
45076	1
12317	1
45090	1
12323	1
12330	1
12332	1
12336	1
12339	1
45118	1
12353	1
12354	1
12355	1
12359	1
12360	1
12363	1
45134	1
45136	1
12373	1
12381	1
7525	1
34832	1
45156	1
45164	1
12402	1
45171	1
45174	1
45175	1
12408	1
12412	1
12424	1
45198	1
45203	1
12438	1
45209	1
45216	1
12450	1
12452	1
45224	1
12460	1
45233	1
12475	1
45244	1
12477	1
5871	1
12481	1
45254	1
12488	1
45257	1
12498	1
45268	1
12501	1
12502	1
12503	1
12506	1
45284	1
12520	1
45289	1
45292	1
45294	1
12530	1
45303	1
45306	1
12539	1
45308	1
45314	1
12553	1
12556	1
45326	1
12559	1
7556	1
45346	1
45353	1
45354	1
12591	1
45371	1
12611	1
12614	1
45396	1
12630	1
45403	1
45406	1
45407	1
12646	1
12653	1
45422	1
12662	1
45434	1
45436	1
12674	1
12676	1
12678	1
12682	1
45451	1
12688	1
45458	1
45460	1
45462	1
45466	1
12699	1
45472	1
45474	1
12710	1
12712	1
12718	1
45488	1
12721	1
12725	1
12728	1
12729	1
45498	1
45503	1
45515	1
12764	1
12773	1
45546	1
7593	1
12793	1
12795	1
45565	1
45569	1
12803	1
12804	1
45581	1
45586	1
12822	1
12824	1
12832	1
12834	1
45606	1
45607	1
12840	1
12842	1
12859	1
45632	1
12869	1
45639	1
13068	1
45647	1
12882	1
45652	1
45663	1
45667	1
45669	1
12905	1
12911	1
45686	1
45695	1
45704	1
45706	1
12939	1
45709	1
45712	1
12945	1
12946	1
45715	1
12950	1
45720	1
45725	1
12960	1
12962	1
12964	1
12968	1
12971	1
45749	1
45756	1
45757	1
12991	1
45764	1
12997	1
45766	1
13000	1
13005	1
45774	1
45776	1
13015	1
45784	1
45785	1
13026	1
45796	1
45797	1
45798	1
45804	1
13039	1
13047	1
13051	1
45823	1
13056	1
45825	1
45827	1
45830	1
13063	1
45836	1
45841	1
45843	1
13077	1
45849	1
13084	1
13096	1
45866	1
45874	1
13107	1
13108	1
13111	1
45880	1
45884	1
45889	1
13124	1
13125	1
45894	1
45895	1
45896	1
13132	1
13134	1
13140	1
45917	1
13152	1
13154	1
13116	1
45931	1
45933	1
13166	1
45938	1
13181	1
13191	1
45960	1
45962	1
45964	1
45966	1
13199	1
45969	1
13204	1
45976	1
45989	1
45993	1
46003	1
13237	1
46006	1
46009	1
46010	1
46021	1
46040	1
46041	1
13276	1
46050	1
46055	1
46061	1
13306	1
13307	1
46077	1
13312	1
13314	1
13319	1
13320	1
34989	1
46101	1
46105	1
2224	1
46116	1
13350	1
13351	1
13352	1
13354	1
46126	1
46130	1
13370	1
46140	1
13375	1
46144	1
46146	1
46147	1
46148	1
46149	1
13384	1
13385	1
46156	1
13397	1
46168	1
13403	1
46176	1
13415	1
13421	1
46204	1
13440	1
46209	1
13442	1
13444	1
46213	1
46214	1
13447	1
13452	1
46223	1
13456	1
46225	1
45934	1
46232	1
46251	1
46260	1
46261	1
46264	1
46266	1
13499	1
46268	1
13505	1
13508	1
46278	1
46279	1
46280	1
13513	1
46283	1
13517	1
46294	1
46299	1
13543	1
13549	1
13552	1
46324	1
13559	1
13560	1
13566	1
13567	1
13575	1
46344	1
46345	1
35031	1
46350	1
46360	1
46361	1
46368	1
13602	1
46372	1
46377	1
13611	1
13613	1
46385	1
46386	1
46388	1
46392	1
46396	1
46398	1
13632	1
46404	1
46405	1
13639	1
13647	1
13648	1
46424	1
46425	1
46426	1
13660	1
13661	1
13662	1
13669	1
13679	1
46459	1
13693	1
46464	1
46468	1
46471	1
46473	1
13706	1
13713	1
7747	1
35054	1
46492	1
46493	1
7749	1
46499	1
13732	1
13744	1
13746	1
46516	1
13749	1
46520	1
13757	1
13758	1
46529	1
13764	1
13765	1
46534	1
46535	1
46538	1
46539	1
13777	1
13780	1
46570	1
46575	1
46580	1
46589	1
13824	1
46593	1
46597	1
46598	1
13838	1
13840	1
13844	1
13848	1
13852	1
13858	1
13859	1
13865	1
13867	1
13876	1
46646	1
13893	1
13895	1
46672	1
46679	1
46681	1
13914	1
46683	1
13916	1
46685	1
46694	1
46699	1
46700	1
13934	1
13937	1
13938	1
13942	1
13951	1
13954	1
13956	1
46725	1
13962	1
46731	1
46732	1
46734	1
46743	1
46746	1
13979	1
46750	1
13986	1
13990	1
13992	1
46761	1
46772	1
46775	1
46776	1
14010	1
46781	1
14015	1
14018	1
46788	1
46791	1
14024	1
46798	1
14031	1
14034	1
46803	1
14038	1
46808	1
46811	1
46812	1
46813	1
14047	1
46818	1
14052	1
46825	1
14059	1
14062	1
46831	1
46835	1
46838	1
46839	1
14073	1
14085	1
14087	1
14088	1
46865	1
46866	1
46870	1
46872	1
14108	1
14109	1
46880	1
46884	1
14120	1
14121	1
46891	1
14124	1
46893	1
46900	1
46901	1
14142	1
46913	1
14148	1
14152	1
46923	1
14156	1
14159	1
46933	1
14167	1
46937	1
14184	1
46953	1
13287	1
46956	1
46962	1
46970	1
14205	1
14209	1
46978	1
46981	1
46983	1
46990	1
46991	1
14225	1
14227	1
46999	1
47000	1
14235	1
47005	1
14239	1
14241	1
47010	1
14248	1
47021	1
47022	1
47031	1
14273	1
14275	1
14285	1
14293	1
47082	1
14317	1
14321	1
14324	1
14326	1
14333	1
46080	1
14344	1
47113	1
47115	1
14349	1
47121	1
47124	1
14358	1
14359	1
47131	1
47134	1
47136	1
47138	1
47145	1
14381	1
47150	1
47156	1
47162	1
14400	1
14406	1
14407	1
14408	1
14409	1
47178	1
47180	1
14415	1
47186	1
47191	1
14425	1
14455	1
14459	1
14466	1
14469	1
47238	1
14471	1
47244	1
14481	1
14488	1
47257	1
47259	1
14493	1
14494	1
35185	1
14507	1
47278	1
14514	1
14515	1
47284	1
47285	1
47286	1
47295	1
46113	1
14536	1
14537	1
14538	1
14540	1
47309	1
47311	1
2425	1
47329	1
47331	1
14564	1
14568	1
14573	1
14577	1
47349	1
14583	1
14587	1
47356	1
14600	1
47369	1
43742	1
14604	1
47379	1
14612	1
47385	1
47386	1
14623	1
14625	1
47396	1
14630	1
47407	1
47417	1
47420	1
14653	1
47423	1
47424	1
14658	1
47430	1
47435	1
14673	1
47439	1
47441	1
47443	1
47451	1
47455	1
47460	1
14701	1
47471	1
14704	1
47475	1
47476	1
14710	1
47480	1
14713	1
14714	1
46143	1
14718	1
47487	1
14724	1
47502	1
40685	1
14739	1
14740	1
47513	1
14746	1
47519	1
14756	1
7921	1
14760	1
14761	1
47531	1
47535	1
47548	1
47551	1
14784	1
47558	1
14791	1
14795	1
47564	1
14800	1
47570	1
47586	1
47588	1
14821	1
47599	1
14833	1
47603	1
14837	1
47607	1
47608	1
47610	1
47626	1
47628	1
14866	1
7940	1
14874	1
14878	1
14880	1
14883	1
14884	1
47654	1
47656	1
47657	1
14899	1
14906	1
47677	1
47678	1
14911	1
14917	1
14918	1
47693	1
47694	1
14927	1
14928	1
14932	1
47706	1
47713	1
14947	1
47718	1
2493	1
47732	1
47739	1
14977	1
14982	1
14987	1
47756	1
47757	1
47758	1
47759	1
14999	1
47772	1
47778	1
15016	1
47785	1
47793	1
47803	1
47815	1
47817	1
15051	1
15057	1
15058	1
15067	1
15074	1
15076	1
47846	1
15082	1
15088	1
15089	1
43527	1
15095	1
47865	1
15102	1
15106	1
35286	1
15113	1
47889	1
15123	1
15125	1
15126	1
15130	1
15135	1
47906	1
47907	1
15140	1
47915	1
15152	1
15155	1
15163	1
15166	1
15169	1
15175	1
47957	1
47964	1
47974	1
47978	1
47994	1
15228	1
15230	1
48009	1
15242	1
48014	1
48031	1
15264	1
48033	1
48039	1
48048	1
48052	1
15285	1
15293	1
15296	1
48073	1
48078	1
15315	1
48086	1
15320	1
48091	1
15327	1
48108	1
48112	1
15356	1
15358	1
15366	1
15367	1
48142	1
48153	1
48154	1
48156	1
8026	1
15392	1
15396	1
15400	1
48170	1
15405	1
48175	1
15408	1
48180	1
48182	1
15415	1
15416	1
15435	1
48214	1
48218	1
15457	1
48226	1
15466	1
15480	1
15482	1
48252	1
35349	1
15489	1
15491	1
15503	1
15504	1
48274	1
15509	1
15512	1
15513	1
15517	1
48288	1
15530	1
48302	1
15537	1
48308	1
48310	1
48312	1
15547	1
48321	1
48329	1
48331	1
48335	1
15571	1
48342	1
12521	1
48349	1
48356	1
48357	1
15591	1
15595	1
15599	1
48370	1
48373	1
15606	1
15615	1
15617	1
48387	1
15620	1
48393	1
48394	1
48396	1
15633	1
15643	1
48414	1
15650	1
48420	1
15654	1
15655	1
48429	1
48432	1
48434	1
15668	1
48437	1
48446	1
48453	1
15691	1
48461	1
48476	1
48479	1
15713	1
15714	1
15716	1
48485	1
48488	1
15721	1
15742	1
48513	1
48519	1
15763	1
48534	1
15775	1
15781	1
15783	1
15784	1
15789	1
48559	1
48572	1
48581	1
48582	1
48584	1
48588	1
15825	1
15827	1
48599	1
48602	1
48606	1
48607	1
48613	1
48618	1
48635	1
48639	1
48653	1
48658	1
48660	1
15897	1
15900	1
15906	1
48689	1
15925	1
48694	1
15931	1
15933	1
15935	1
48705	1
15940	1
48714	1
15952	1
48723	1
48730	1
15963	1
48739	1
48744	1
15978	1
15981	1
48753	1
48755	1
15991	1
15994	1
48765	1
15998	1
15999	1
16000	1
16003	1
16004	1
48773	1
48774	1
35449	1
48777	1
48778	1
48782	1
48784	1
16017	1
16020	1
16021	1
48793	1
48794	1
48798	1
48801	1
16037	1
16038	1
48810	1
8135	1
16046	1
48826	1
48829	1
48836	1
48837	1
48855	1
48866	1
48877	1
16111	1
16116	1
16118	1
48889	1
16123	1
48892	1
48895	1
48897	1
48903	1
16137	1
16139	1
16142	1
12540	1
16151	1
16154	1
48930	1
48933	1
16170	1
16172	1
48941	1
48942	1
48949	1
16184	1
48963	1
48970	1
48973	1
16215	1
48987	1
48996	1
49007	1
16241	1
49011	1
16255	1
49026	1
16264	1
49034	1
16272	1
49046	1
16279	1
49048	1
16283	1
49059	1
49063	1
49064	1
16299	1
8178	1
16302	1
16303	1
16306	1
49077	1
16314	1
49085	1
49088	1
49089	1
49090	1
16326	1
16327	1
16328	1
49097	1
49109	1
16343	1
49121	1
49123	1
49124	1
16359	1
16366	1
16379	1
16380	1
16382	1
49154	1
16389	1
16404	1
16410	1
49182	1
16420	1
8198	1
16422	1
49193	1
16429	1
49198	1
49202	1
16436	1
49208	1
16444	1
16445	1
49217	1
49221	1
16460	1
49229	1
16465	1
49238	1
16478	1
49247	1
16480	1
16483	1
16488	1
49257	1
16491	1
2749	1
16498	1
49276	1
16513	1
16515	1
49297	1
49300	1
16535	1
16537	1
49309	1
49310	1
16549	1
16552	1
49321	1
49322	1
16557	1
49326	1
49327	1
16560	1
8222	1
16566	1
49336	1
16569	1
49342	1
16582	1
49356	1
49361	1
49369	1
49370	1
49378	1
49379	1
49385	1
16623	1
49399	1
49401	1
49404	1
49406	1
49407	1
16645	1
16649	1
49421	1
49434	1
16669	1
49439	1
49442	1
16677	1
49448	1
49455	1
49464	1
49471	1
16710	1
16711	1
16718	1
16719	1
49488	1
49490	1
16725	1
49497	1
49499	1
16732	1
16737	1
49508	1
16745	1
49517	1
49518	1
16752	1
16754	1
49527	1
49532	1
49550	1
16788	1
49564	1
49566	1
16800	1
16804	1
16812	1
16822	1
16829	1
49603	1
16840	1
49610	1
16845	1
49618	1
49630	1
16875	1
49647	1
49651	1
49654	1
16887	1
49656	1
49657	1
49666	1
16905	1
16910	1
49679	1
49681	1
16923	1
16932	1
49702	1
49705	1
16940	1
16947	1
49717	1
16951	1
13748	1
49726	1
49727	1
49730	1
16964	1
49744	1
49745	1
49752	1
49754	1
49758	1
49761	1
16995	1
49768	1
49769	1
17004	1
17017	1
49786	1
49787	1
17024	1
49794	1
49799	1
49809	1
17048	1
17051	1
17053	1
17063	1
17064	1
17081	1
17090	1
17094	1
17096	1
17100	1
17107	1
49883	1
49884	1
17125	1
17126	1
17130	1
17131	1
17137	1
49909	1
17142	1
17145	1
49918	1
49921	1
35627	1
17160	1
49940	1
17174	1
17182	1
17190	1
49959	1
17202	1
17204	1
49982	1
17215	1
49996	1
17236	1
17241	1
17254	1
17268	1
17271	1
17277	1
17285	1
17301	1
17303	1
17305	1
17306	1
17316	1
17323	1
17328	1
17338	1
17348	1
17353	1
17359	1
17382	1
17386	1
17401	1
17442	1
17456	1
17459	1
17462	1
17472	1
17475	1
17488	1
17489	1
17490	1
17498	1
17504	1
17514	1
17544	1
17556	1
17561	1
17567	1
17568	1
17570	1
17582	1
17592	1
35700	1
17596	1
17601	1
6882	1
17629	1
17635	1
17652	1
17656	1
17663	1
17690	1
17697	1
17699	1
17701	1
17705	1
17718	1
17719	1
17722	1
17725	1
17729	1
17738	1
17739	1
17744	1
17748	1
17750	1
17754	1
17756	1
17759	1
17766	1
17770	1
17771	1
17776	1
17792	1
6048	1
17805	1
17806	1
17809	1
17822	1
17824	1
17834	1
17852	1
17857	1
17860	1
17868	1
17871	1
17878	1
17880	1
17885	1
17886	1
17895	1
17903	1
17906	1
17913	1
4961	1
8450	1
17947	1
17948	1
17958	1
17971	1
17986	1
17992	1
17997	1
17999	1
18002	1
18014	1
18041	1
18042	1
18050	1
18068	1
18091	1
18094	1
18097	1
18102	1
18103	1
18107	1
18117	1
18125	1
18129	1
18136	1
18138	1
18144	1
18169	1
18171	1
18173	1
18179	1
18187	1
18191	1
18193	1
18200	1
18204	1
18206	1
18216	1
18222	1
18233	1
8501	1
18245	1
18268	1
18279	1
18283	1
18287	1
18293	1
18294	1
18312	1
18321	1
18326	1
18338	1
18346	1
18347	1
18351	1
18373	1
18375	1
18402	1
35835	1
18406	1
18407	1
18416	1
18417	1
18421	1
18435	1
8536	1
18459	1
18472	1
18483	1
18508	1
14008	1
18515	1
18516	1
18529	1
18548	1
18566	1
18568	1
18570	1
18571	1
18595	1
18600	1
18604	1
18608	1
18609	1
18610	1
18613	1
18615	1
18625	1
18627	1
6076	1
18639	1
18640	1
18641	1
18642	1
18657	1
18658	1
18677	1
18680	1
18690	1
18707	1
18713	1
18715	1
18720	1
18726	1
18731	1
18757	1
18782	1
18790	1
18802	1
18812	1
18814	1
18821	1
46830	1
18854	1
18898	1
18901	1
7176	1
18909	1
18929	1
18944	1
18948	1
18951	1
18954	1
18956	1
35928	1
8624	1
18981	1
19003	1
19004	1
19005	1
19016	1
19018	1
19027	1
19034	1
19038	1
14097	1
19048	1
19050	1
19052	1
25021	1
19069	1
19072	1
19076	1
19092	1
19094	1
19108	1
19113	1
19123	1
19124	1
19128	1
19141	1
19145	1
35960	1
19162	1
19164	1
19178	1
19188	1
19190	1
19199	1
19200	1
14125	1
19222	1
19237	1
19241	1
19255	1
19257	1
19259	1
19263	1
19271	1
19283	1
19286	1
19292	1
19294	1
19314	1
19331	1
19332	1
19339	1
19383	1
19384	1
19386	1
19388	1
19395	1
19400	1
19405	1
19407	1
19408	1
19420	1
19422	1
19429	1
19435	1
19439	1
19446	1
3241	1
19449	1
19454	1
19467	1
19475	1
19478	1
19485	1
19489	1
19513	1
19516	1
19535	1
19538	1
19539	1
19544	1
19573	1
19581	1
19604	1
19605	1
3268	1
19623	1
19649	1
19688	1
19704	1
19714	1
19724	1
36056	1
19748	1
19751	1
19754	1
19764	1
19769	1
19777	1
19782	1
19788	1
19792	1
19811	1
19812	1
19830	1
19832	1
19834	1
19849	1
19858	1
19862	1
19873	1
47003	1
19881	1
19884	1
19893	1
19917	1
19920	1
19928	1
19933	1
19940	1
19947	1
19952	1
7116	1
19988	1
19994	1
19996	1
20013	1
20018	1
20021	1
20033	1
20037	1
20045	1
20052	1
20076	1
20079	1
20080	1
20084	1
20092	1
20094	1
20106	1
3351	1
20110	1
20118	1
20120	1
20121	1
20131	1
20132	1
20140	1
20149	1
8820	1
20155	1
20160	1
20172	1
8824	1
20199	1
5037	1
20203	1
20212	1
20213	1
20224	1
20234	1
20237	1
20242	1
20246	1
20248	1
20250	1
20266	1
20270	1
20281	1
20293	1
36151	1
20301	1
20305	1
20308	1
20316	1
20318	1
20324	1
20329	1
20330	1
20336	1
20344	1
20347	1
20349	1
20360	1
20368	1
20371	1
20373	1
20379	1
36165	1
20385	1
20386	1
20388	1
20410	1
20424	1
20426	1
20428	1
20433	1
20444	1
20451	1
20458	1
20459	1
20460	1
20468	1
36180	1
20477	1
20486	1
20512	1
20519	1
20543	1
20549	1
20569	1
20574	1
20586	1
20597	1
20608	1
20611	1
20613	1
20630	1
20632	1
20637	1
20639	1
20650	1
20652	1
20669	1
20674	1
20678	1
20679	1
20681	1
20689	1
20691	1
20697	1
20702	1
20708	1
20709	1
20713	1
20719	1
7237	1
20735	1
20744	1
20746	1
20747	1
20750	1
20775	1
20781	1
20785	1
20790	1
20798	1
20817	1
20818	1
20821	1
20824	1
20827	1
20828	1
20838	1
20842	1
20844	1
20845	1
20847	1
20885	1
36251	1
20912	1
20925	1
20929	1
20940	1
8952	1
20946	1
20969	1
20980	1
20982	1
20987	1
20994	1
20999	1
21011	1
21013	1
21025	1
21030	1
21031	1
21045	1
21071	1
21076	1
21084	1
21086	1
21095	1
21108	1
21113	1
21115	1
21118	1
8981	1
21134	1
12706	1
21138	1
21140	1
21160	1
21163	1
21166	1
21168	1
21169	1
21175	1
21177	1
21187	1
8993	1
21193	1
21205	1
21207	1
21210	1
21215	1
21226	1
21230	1
21237	1
21243	1
21270	1
21274	1
21275	1
21279	1
21282	1
21285	1
21296	1
21300	1
15985	1
21307	1
21312	1
21320	1
21329	1
21356	1
21372	1
21385	1
21406	1
21408	1
21416	1
21417	1
21427	1
21428	1
21432	1
21433	1
21437	1
21438	1
21449	1
21457	1
21460	1
21477	1
21482	1
21519	1
21529	1
21534	1
21551	1
21553	1
21557	1
21565	1
21581	1
21593	1
21594	1
21595	1
21607	1
21608	1
21618	1
21625	1
21639	1
21645	1
21681	1
21686	1
21688	1
3615	1
21698	1
21700	1
21707	1
9080	1
36389	1
21733	1
21743	1
21745	1
21760	1
21762	1
21763	1
21764	1
21767	1
47319	1
21789	1
21802	1
21803	1
21807	1
21809	1
21819	1
21845	1
21848	1
47332	1
21850	1
21865	1
21878	1
21886	1
21894	1
21900	1
21908	1
21909	1
21911	1
21918	1
21931	1
21935	1
21939	1
21958	1
21968	1
21976	1
21985	1
21990	1
21994	1
22000	1
22002	1
22003	1
22006	1
9131	1
22021	1
9132	1
22033	1
22035	1
22052	1
22060	1
22093	1
22094	1
22095	1
22107	1
22123	1
22126	1
22142	1
22166	1
22173	1
22175	1
22196	1
22209	1
22214	1
22215	1
22223	1
22229	1
22237	1
22241	1
22242	1
9172	1
22269	1
22307	1
22308	1
22310	1
22311	1
22315	1
22333	1
20107	1
22344	1
22347	1
22349	1
22358	1
22370	1
22381	1
22409	1
22416	1
22417	1
22426	1
22429	1
22431	1
22437	1
22442	1
22443	1
22452	1
22457	1
22465	1
14667	1
22480	1
22482	1
22498	1
22500	1
22503	1
22506	1
22533	1
22544	1
22546	1
22548	1
22562	1
3761	1
22574	1
14687	1
22588	1
22589	1
22590	1
9227	1
22605	1
36537	1
22618	1
22624	1
22647	1
22649	1
22656	1
22691	1
22695	1
22716	1
22729	1
22730	1
22731	1
22745	1
22753	1
22762	1
22773	1
22783	1
22784	1
22788	1
22790	1
22791	1
22801	1
22802	1
22810	1
22823	1
22832	1
22833	1
22836	1
22837	1
22842	1
22847	1
22854	1
22864	1
22888	1
22889	1
22894	1
22906	1
22910	1
22911	1
36595	1
22971	1
22977	1
22980	1
9292	1
22986	1
22991	1
23012	1
23022	1
23027	1
23034	1
23039	1
23050	1
23052	1
23081	1
23082	1
23085	1
23087	1
23093	1
23094	1
23095	1
23098	1
23104	1
23115	1
23128	1
23132	1
23137	1
23139	1
23143	1
23144	1
23150	1
23151	1
23162	1
23170	1
23184	1
23191	1
23193	1
23203	1
23216	1
23223	1
23227	1
23242	1
23251	1
23255	1
23259	1
23262	1
23265	1
23267	1
23298	1
23310	1
23312	1
23313	1
23314	1
23320	1
23322	1
23327	1
23339	1
23350	1
23355	1
23361	1
23379	1
23389	1
23391	1
23395	1
23406	1
23419	1
23420	1
23425	1
23436	1
23447	1
23459	1
23473	1
23475	1
23489	1
23503	1
14840	1
23515	1
23522	1
23523	1
23528	1
23530	1
23533	1
23534	1
23549	1
23552	1
23554	1
23557	1
23558	1
23571	1
41157	1
23589	1
23590	1
23606	1
23607	1
23609	1
23633	1
23636	1
23637	1
23653	1
23656	1
23662	1
23670	1
23673	1
23674	1
23676	1
23677	1
23703	1
23716	1
23730	1
23731	1
23733	1
23740	1
23744	1
23749	1
23750	1
23758	1
23763	1
23780	1
23788	1
23797	1
23808	1
23816	1
23819	1
23827	1
23843	1
23844	1
23856	1
23858	1
23868	1
23881	1
23886	1
23892	1
23900	1
23905	1
23909	1
23919	1
23924	1
47679	1
23941	1
23960	1
23966	1
23972	1
23973	1
23982	1
23990	1
24000	1
24002	1
24006	1
24007	1
24008	1
24029	1
24033	1
47700	1
24058	1
24065	1
7348	1
36780	1
24076	1
24077	1
24078	1
24079	1
24089	1
24091	1
24095	1
24114	1
24116	1
24121	1
24123	1
24132	1
4027	1
24181	1
24186	1
24189	1
24198	1
24201	1
24206	1
24212	1
24213	1
36804	1
24225	1
24235	1
24237	1
24275	1
24278	1
24293	1
24296	1
24298	1
24302	1
24316	1
24335	1
24343	1
24345	1
24364	1
24370	1
24378	1
24381	1
24393	1
24395	1
24401	1
24403	1
24406	1
14991	1
24426	1
24437	1
24444	1
24445	1
24446	1
24450	1
24456	1
24460	1
24464	1
24466	1
24473	1
24483	1
24499	1
24507	1
24512	1
24516	1
15010	1
24547	1
24558	1
24591	1
24595	1
24606	1
24608	1
24618	1
24636	1
24643	1
36876	1
24656	1
24659	1
24664	1
36879	1
24676	1
24685	1
24696	1
24703	1
9579	1
24709	1
24717	1
24720	1
24740	1
24741	1
15049	1
24767	1
24782	1
24783	1
24797	1
24801	1
24805	1
24807	1
24809	1
24824	1
24830	1
24831	1
24838	1
24840	1
24864	1
24871	1
24876	1
24879	1
24882	1
24892	1
24896	1
24900	1
24905	1
24908	1
24921	1
24928	1
24929	1
24931	1
24943	1
24955	1
24964	1
24965	1
24969	1
24981	1
24992	1
24998	1
25004	1
25009	1
25016	1
4170	1
25029	1
25039	1
25048	1
25053	1
25056	1
25063	1
25072	1
25083	1
25104	1
25115	1
25131	1
25133	1
25140	1
25147	1
25152	1
36960	1
25159	1
25170	1
25193	1
25194	1
25195	1
25201	1
25203	1
25211	1
47893	1
25217	1
25228	1
25241	1
25254	1
25255	1
25266	1
25267	1
25282	1
25288	1
25293	1
25304	1
25306	1
25324	1
25326	1
25331	1
25354	1
25355	1
25361	1
25366	1
25372	1
25376	1
25378	1
25380	1
25382	1
25393	1
25410	1
25440	1
25448	1
25450	1
25452	1
25458	1
25463	1
25467	1
25488	1
25490	1
25492	1
25496	1
25497	1
25499	1
25508	1
25511	1
25522	1
25525	1
25531	1
25547	1
4259	1
25556	1
25573	1
25574	1
25586	1
25590	1
25595	1
25601	1
25625	1
25632	1
25642	1
25643	1
25647	1
25666	1
25670	1
25672	1
25674	1
25679	1
25683	1
25686	1
25688	1
25696	1
25713	1
25717	1
25729	1
25730	1
25738	1
9753	1
25768	1
25777	1
25779	1
25782	1
25785	1
25791	1
9761	1
25801	1
25808	1
25811	1
25814	1
25825	1
25832	1
25834	1
25845	1
31615	1
25861	1
25866	1
25870	1
25879	1
25880	1
8683	1
25900	1
25901	1
25907	1
25910	1
25919	1
25923	1
25926	1
25927	1
25929	1
25953	1
25954	1
9789	1
25983	1
25996	1
26003	1
26006	1
26022	1
26025	1
26027	1
26031	1
26034	1
26036	1
26046	1
26047	1
26049	1
26053	1
26063	1
26070	1
26074	1
26086	1
26092	1
26095	1
26096	1
26098	1
26112	1
26113	1
26120	1
26122	1
26131	1
26132	1
26133	1
26147	1
26149	1
26156	1
26179	1
9825	1
4364	1
26197	1
26202	1
26211	1
26216	1
26231	1
37140	1
26234	1
26237	1
26243	1
26246	1
26247	1
26250	1
26251	1
26257	1
26267	1
26270	1
26297	1
26319	1
26323	1
26336	1
26339	1
26350	1
37161	1
26362	1
26363	1
26380	1
26389	1
26397	1
26402	1
26405	1
26413	1
26421	1
26432	1
26441	1
49572	1
26455	1
26457	1
26460	1
26472	1
26475	1
26478	1
26479	1
26497	1
26499	1
26505	1
26508	1
26517	1
26545	1
26563	1
26566	1
26568	1
26579	1
26584	1
26588	1
26593	1
26594	1
26598	1
26603	1
26619	1
26621	1
26623	1
26627	1
26630	1
26642	1
26648	1
26655	1
26661	1
26690	1
26696	1
26701	1
26706	1
15374	1
26714	1
26715	1
26725	1
26728	1
26729	1
26758	1
26775	1
26814	1
26816	1
26829	1
26838	1
26843	1
26850	1
26855	1
26861	1
26863	1
9939	1
15402	1
26884	1
7442	1
15407	1
26919	1
26929	1
26930	1
26938	1
26940	1
15414	1
26952	1
26958	1
26965	1
26980	1
26989	1
26997	1
27002	1
27017	1
27029	1
27037	1
27043	1
6072	1
27053	1
27059	1
27069	1
27072	1
27079	1
27120	1
27129	1
27144	1
27168	1
27170	1
27178	1
27179	1
27191	1
27192	1
27193	1
27198	1
27202	1
27204	1
15458	1
27215	1
27216	1
27224	1
27228	1
27271	1
42775	1
37316	1
27295	1
27300	1
27309	1
27311	1
27335	1
27336	1
27344	1
27359	1
27374	1
27375	1
4563	1
27381	1
27399	1
27403	1
48259	1
27423	1
27426	1
27428	1
27440	1
27441	1
27443	1
42805	1
27461	1
27468	1
27475	1
27478	1
27482	1
42810	1
27497	1
27510	1
27512	1
42817	1
27528	1
27530	1
27531	1
27538	1
27539	1
27540	1
27541	1
27548	1
27549	1
27557	1
27561	1
27584	1
27594	1
27597	1
27624	1
27634	1
10067	1
27641	1
27644	1
27655	1
27657	1
27659	1
27677	1
27683	1
27686	1
27705	1
923	1
27725	1
27753	1
27763	1
27770	1
27771	1
27776	1
27783	1
27785	1
27800	1
27801	1
27809	1
27816	1
27819	1
27820	1
27826	1
27828	1
27848	1
27864	1
27865	1
42877	1
27889	1
27896	1
27909	1
27911	1
27959	1
27977	1
27983	1
27984	1
27991	1
27993	1
27996	1
28003	1
28025	1
28027	1
28028	1
28030	1
28031	1
28035	1
28046	1
28047	1
28048	1
28056	1
28057	1
28061	1
28079	1
28100	1
42913	1
28110	1
28119	1
28123	1
28138	1
28143	1
28165	1
28166	1
28180	1
10159	1
28204	1
28215	1
28218	1
28221	1
28225	1
28227	1
28231	1
28236	1
28239	1
28249	1
42939	1
28266	1
28271	1
28277	1
28293	1
28295	1
28298	1
28302	1
28310	1
28321	1
28325	1
28334	1
28335	1
28336	1
28348	1
28356	1
28363	1
28364	1
28374	1
37498	1
28385	1
28388	1
28391	1
28397	1
42963	1
28431	1
28436	1
28438	1
28444	1
28448	1
28459	1
42973	1
28473	1
28474	1
28476	1
15669	1
28482	1
28502	1
28510	1
28515	1
28517	1
28524	1
28529	1
28542	1
28544	1
28549	1
28550	1
28556	1
28557	1
28560	1
28561	1
28589	1
28592	1
28595	1
28604	1
28613	1
28617	1
28619	1
28627	1
28639	1
28646	1
28648	1
28655	1
28659	1
28662	1
28683	1
28696	1
28698	1
28706	1
28729	1
28740	1
28741	1
28749	1
28751	1
28765	1
28794	1
21691	1
28823	1
28826	1
28835	1
28847	1
28849	1
28852	1
28853	1
28870	1
4819	1
28921	1
28934	1
28935	1
28945	1
28952	1
28967	1
28977	1
28980	1
28983	1
28988	1
28996	1
28999	1
29000	1
29008	1
29011	1
29017	1
29018	1
29021	1
29028	1
29047	1
29051	1
29063	1
29092	1
29099	1
29102	1
29110	1
29123	1
29151	1
29158	1
29168	1
29181	1
29184	1
29187	1
29201	1
29210	1
29224	1
29233	1
29244	1
29248	1
29253	1
29256	1
29259	1
29269	1
29286	1
29287	1
29291	1
43113	1
29345	1
29347	1
29350	1
29364	1
29398	1
29426	1
29446	1
37676	1
29450	1
29455	1
29471	1
29472	1
29490	1
29491	1
29499	1
29504	1
29507	1
29548	1
29571	1
29572	1
29573	1
29586	1
29591	1
29593	1
29595	1
29607	1
29608	1
29622	1
29627	1
29628	1
29635	1
29636	1
29646	1
29652	1
29654	1
29655	1
29661	1
29669	1
6444	1
32255	1
29702	1
29703	1
29704	1
29705	1
29706	1
29711	1
29718	1
29722	1
43183	1
29732	1
29735	1
29738	1
29752	1
29755	1
29767	1
43191	1
29772	1
29781	1
29790	1
29801	1
29807	1
29825	1
29846	1
29855	1
29868	1
29876	1
29877	1
29883	1
29909	1
29916	1
29917	1
29923	1
29924	1
29929	1
29931	1
29937	1
29950	1
29952	1
29961	1
29969	1
29973	1
29983	1
29990	1
30003	1
5002	1
30016	1
30027	1
30036	1
30038	1
30057	1
44646	1
30071	1
30084	1
30096	1
30108	1
5018	1
30113	1
30124	1
30125	1
30126	1
30127	1
30128	1
30130	1
30133	1
30136	1
30141	1
30145	1
30154	1
30189	1
30191	1
30195	1
30203	1
30215	1
30223	1
30233	1
30234	1
30235	1
15962	1
30257	1
30259	1
30260	1
30266	1
30267	1
30274	1
30277	1
30283	1
43277	1
30294	1
30307	1
30353	1
43291	1
30375	1
30379	1
30381	1
30393	1
30397	1
30409	1
30415	1
30422	1
30427	1
30433	1
30447	1
30455	1
30463	1
30475	1
30477	1
30479	1
30492	1
30495	1
30506	1
30520	1
30522	1
30533	1
16014	1
30556	1
30566	1
30571	1
30579	1
30581	1
30597	1
43329	1
30606	1
30616	1
30645	1
30656	1
30660	1
30663	1
30664	1
30670	1
30674	1
30683	1
30716	1
30723	1
30734	1
30737	1
30749	1
30751	1
30756	1
30757	1
30760	1
43361	1
30796	1
30799	1
30806	1
30807	1
30815	1
30829	1
30833	1
30843	1
30851	1
30865	1
30870	1
5146	1
30891	1
30900	1
30908	1
30910	1
30918	1
30920	1
30924	1
30928	1
30930	1
30932	1
30950	1
30956	1
30970	1
30980	1
30986	1
30987	1
45768	1
30989	1
43395	1
30999	1
31004	1
31005	1
31010	1
31013	1
31043	1
31045	1
31046	1
31051	1
31071	1
43408	1
31074	1
31093	1
31096	1
31097	1
31105	1
31115	1
31117	1
31124	1
31125	1
43417	1
31130	1
31136	1
31146	1
31169	1
31179	1
31190	1
31202	1
31203	1
16124	1
31220	1
31222	1
31227	1
31231	1
31237	1
31250	1
31251	1
31254	1
31261	1
31264	1
31265	1
31266	1
5211	1
16135	1
31290	1
31302	1
31304	1
31306	1
31312	1
31327	1
31330	1
31337	1
31347	1
31354	1
16149	1
31367	1
31369	1
31378	1
43461	1
31393	1
31394	1
31396	1
31399	1
31407	1
31409	1
31412	1
31429	1
31432	1
31442	1
31443	1
31451	1
31456	1
31459	1
31473	1
31484	1
31490	1
31499	1
31508	1
31509	1
31519	1
31527	1
31533	1
31544	1
31546	1
31549	1
31551	1
31556	1
31560	1
31565	1
31567	1
31572	1
31579	1
5265	1
31603	1
31609	1
13055	1
31623	1
31629	1
31634	1
16195	1
31641	1
10736	1
31657	1
31663	1
31667	1
31671	1
31678	1
31682	1
31693	1
31708	1
43610	1
31723	1
31725	1
43517	1
31733	1
10755	1
31787	1
31795	1
31802	1
31803	1
31807	1
31816	1
31830	1
16228	1
31842	1
31843	1
31844	1
31848	1
31850	1
31855	1
31864	1
5311	1
31872	1
31879	1
31888	1
31898	1
16239	1
31904	1
31917	1
31926	1
31931	1
31939	1
31940	1
31948	1
31949	1
31963	1
31978	1
31982	1
31985	1
31986	1
32011	1
32016	1
32018	1
32025	1
32027	1
32031	1
32034	1
32037	1
32039	1
32043	1
32044	1
32046	1
32061	1
32062	1
32069	1
32075	1
32080	1
32085	1
32090	1
32091	1
32098	1
5350	1
32109	1
32112	1
32132	1
32136	1
32154	1
32169	1
32175	1
32181	1
32186	1
32201	1
32203	1
32204	1
32212	1
32213	1
32247	1
32253	1
43605	1
32260	1
32265	1
32285	1
32290	1
5383	1
32300	1
32304	1
32309	1
32313	1
16309	1
32323	1
32325	1
32327	1
32329	1
32350	1
32352	1
32370	1
32383	1
16321	1
32400	1
32403	1
32407	1
32408	1
5402	1
32419	1
32421	1
32426	1
32434	1
32444	1
5409	1
32456	1
32458	1
32463	1
32474	1
32483	1
32486	1
32488	1
32495	1
32497	1
32504	1
32517	1
32540	1
5425	1
32553	1
32554	1
32559	1
32560	1
32561	1
5428	1
32574	1
32586	1
32590	1
32602	1
32603	1
32604	1
32605	1
32616	1
32620	1
32645	1
32650	1
32651	1
5442	1
32654	1
32656	1
32659	1
32664	1
32680	1
32682	1
32684	1
32690	1
32705	1
32709	1
32713	1
32735	1
32737	1
32742	1
32746	1
32748	1
32760	1
